41
46
56
58
61
109
113
115
127
135
138
81
84
85
89
91
103
11
12
21
23
31
246
249
250
182
184
188
198
291
293
298
301
307
319
143
161
167
171
150
112
201
224
225
236
261
461
389
393
339
346
357
376
361
325
329
279
420
434
466
471
480
642
656
657
671
705
396
505
516
543
545
587
528
538
854
623
636
739
781
783
787
804
807
813
751
757
971
1006
991
999
1000
957
959
858
863
876
878
899
888
889
819
831
843
923
930
940
945
1187
1192
1063
1068
1075
1077
1081
1093
1109
1095
1098
1106
1138
1139
1141
1142
1148
1182
1336
1249
1252
1256
1259
1265
1270
1356
1205
1228
1236
1241
1242
1207
1214
1220
1223
1162
1163
1169
1134
1290
1301
1303
1305
1310
1313
1331
1343
1415
1439
1441
1473
1443
1389
1397
1399
1401
1347
1350
1353
1530
1531
1534
1539
1540
1543
1550
1575
1561
1579
2657
2828
2840
2924
1491
1601
1602
1603
1604
1619
1620
1651
1656
1673
1676
1699
1705
1707
1687
1623
1636
3050
3055
2674
2679
2684
2763
2773
2853
2855
2856
2863
2937
2943
2952
2958
2969
2978
2979
3004
3015
3035
3132
3143
3268
3278
3424
3080
3081
3110
3250
3392
3393
3394
3397
3125
3127
3339
3347
3461
3466
3147
3148
3283
3437
3165
3167
3178
3309
3440
3445
3459
3460
3181
3184
3192
3319
3497
3196
3202
3205
3214
2871
2876
2877
2710
2716
2793
3216
3357
3361
3365
3366
3368
3501
3372
2603
2686
2690
2693
1972
2896
2904
2638
2800
2811
2814
2648
2740
2826
1783
1788
1790
1792
1793
1798
1882
2116
2121
2124
2128
2150
2159
2178
2186
1805
1808
1900
1982
1984
1985
2050
2057
2064
2069
2076
2085
2100
3807
3812
3813
3817
3818
3977
3984
4081
4082
4259
4260
4265
4266
4395
4005
4344
4097
4419
4121
4268
4273
4275
4136
4140
4144
3727
3728
3737
3829
3541
3547
3660
3664
3742
3837
3844
3560
3567
3772
6851
6854
6856
6864
3575
3577
6539
6999
3681
3788
6571
6574
6877
3580
6592
6609
7022
6749
6755
6624
6626
7036
7037
6756
6359
6652
6659
6662
6914
6917
6918
7063
6459
6520
6272
6671
6690
6691
6793
6537
6981
6702
6704
7049
7054
4482
4486
3896
3914
3915
4040
4043
4058
4228
4348
3602
3918
4103
3613
3620
3621
3935
3940
4170
4239
4243
4246
4368
4378
4382
3708
3794
3804
3947
4068
4176
4180
4183
3867
3631
3958
3968
3969
4324
2385
2387
2268
2441
2585
1989
1713
2025
2276
2281
2282
2392
2457
2459
1770
4504
4603
4670
4673
4741
4607
4611
4612
4613
4618
4683
4691
4786
4798
4800
4803
4811
4826
4838
4839
4851
4891
4893
4897
4900
4901
4902
4904
4920
4924
4423
5044
5054
5169
4535
4550
5174
5180
5057
5085
5090
5255
5257
4631
4633
4635
4700
5181
5263
5008
5014
4704
4451
4452
4954
4957
5099
5242
4566
5195
5196
5030
5119
4471
4649
5120
5121
5127
5271
5274
4715
4461
4463
5199
5212
5213
4968
4727
4729
4970
4972
4973
4974
2194
2201
2526
2530
2534
2538
2293
2577
2344
1930
1997
2208
2214
2215
2543
2462
2470
1739
1742
1848
1849
2549
2309
2321
2596
2361
2362
2364
1857
1858
1860
1938
1940
2011
2225
2368
2369
2425
2558
2018
2021
1755
2495
2336
2427
1817
1902
1910
1915
1863
1875
1949
2262
2264
2265
8670
8719
8722
8888
8895
8011
8093
8102
8225
8311
8312
8675
8676
8579
8581
8200
8201
8269
8270
8274
8278
8281
8132
8141
7267
7270
7340
7356
7357
7447
7280
7282
7363
7368
7456
7472
7475
7477
7478
7493
7495
7508
7519
7522
7534
7536
7539
7544
7558
7572
7573
7952
7955
7957
7963
7742
7585
7590
7591
7596
7805
7843
7979
7911
7924
7686
7987
7989
7990
7756
7758
7759
7764
7767
7625
7632
7652
7121
7132
7228
7665
7862
7232
7287
7291
7637
7647
7939
7940
7948
7949
7951
7310
7389
7392
7394
7155
7781
7887
7666
7711
7815
7816
7380
7381
7138
7142
7152
7784
7786
7792
7797
7973
7976
7977
7908
7672
7675
7728
7731
7300
8466
8467
8468
8470
8475
8485
8803
8815
8534
8861
8020
8024
8499
8502
8542
8685
8695
8606
8609
8612
8110
8203
8494
8829
8833
8749
8898
8900
8292
8296
8793
8795
8558
8841
8627
8634
8762
8768
8769
8771
8127
8128
8517
8662
8842
8847
8559
8565
8874
8876
8880
7998
7095
6505
6510
6515
6518
6519
5643
5648
5658
6200
6288
6291
6348
5670
5677
5816
5821
5797
5799
5808
5929
6075
6079
5824
5830
5950
6093
5843
5958
5966
5968
6102
5848
5850
5851
5853
5865
5982
6116
6126
6128
5871
5874
5877
5993
6002
6006
6133
6146
5885
5886
6020
6166
5893
5335
5337
5437
5443
8168
8171
6047
6173
5448
5525
5528
5598
8260
8266
8267
8344
6176
6181
5911
5602
5608
8365
8369
5304
5392
5395
5396
5529
5535
8393
5611
5362
8429
8447
5569
5574
5366
5369
8070
8075
8409
8411
8426
5405
5419
8239
8245
8250
8452
8464
5512
6922
6927
6396
6447
5372
5695
5698
5700
6818
6821
6822
6489
5382
5460
5472
7087
7088
6315
6317
6418
5631
6827
6830
6833
6952
6497
5637
5750
5761
7112
7114
6835
6331
6427
5486
5487
5554
5560
5564
5766
5768
5770
6964
9779
9787
9032
9033
9105
11589
11595
11671
11891
8916
9208
9210
9212
8952
8961
8962
8963
11680
11684
11758
11930
11956
12182
12185
12187
12188
11944
11949
12068
12071
12076
12081
11965
11978
12084
12085
12219
12226
12231
12098
12104
11995
12003
12253
12008
12011
12113
11647
11651
12120
12268
12270
12271
10728
10734
12013
12129
11605
11607
11697
12310
12312
12025
11702
11767
11778
11782
11785
10972
10739
12139
12140
11542
11611
11614
11615
11623
10750
12149
12278
12279
12292
12293
11008
12041
12151
11554
11558
10894
10976
12337
12050
12051
11634
11635
11719
11720
11011
11023
11027
11030
12164
12173
12299
11809
11811
11813
11559
10983
10993
9744
9481
9493
9007
9075
9079
11838
11839
11842
9768
9176
9183
8920
9132
9229
11860
9498
9501
9503
8927
9016
9030
9754
9760
9761
9763
9090
9094
11587
11668
11741
11862
11863
9661
8931
8934
8943
10085
10086
10088
10094
10193
10195
10199
10206
10285
10287
10288
10357
10358
9876
9952
10013
10220
10224
10226
10236
10237
10238
10430
10577
10369
10487
10498
10499
10379
10508
10629
9805
9883
9885
9962
9963
9966
10044
10046
9821
10072
9895
9969
9973
10065
9823
9825
9826
9899
9905
9906
9838
9839
9547
9553
9696
9698
9988
9989
9291
9299
9302
9309
9439
9994
9052
9054
9312
9319
9336
9558
9441
9141
9144
9149
9356
9443
9245
9363
9364
9576
9069
9151
9152
9395
9725
9474
9161
9165
9249
9250
9252
9416
9417
9463
9586
9594
9262
9268
9402
9403
9406
9545
9605
9620
9736
9272
9274
9279
7323
7326
10029
10032
10244
10254
10256
10260
10264
10311
10315
7172
7175
7184
10117
10129
10130
10132
10531
10251
7328
7339
10144
10397
10532
10535
10321
10322
10457
7419
7189
10164
10551
10274
10280
10416
10606
10608
10339
7192
9859
9924
10417
10420
10422
10347
10469
10482
9934
9936
13507
13515
12760
12762
12878
13059
13071
13072
13073
13213
12517
12777
13161
13162
13163
13168
13169
13175
12968
12983
12984
13092
13100
13101
13267
12993
13108
13112
13005
13006
13131
13268
13026
12342
12343
12432
12437
12438
12445
12446
12536
12540
12618
12351
15562
15609
15619
15624
15566
12450
12454
12455
12467
15283
15287
15291
15573
15575
12551
12632
15453
15454
15455
15459
15641
12371
12373
12475
15904
15907
15302
15395
15404
15470
15636
15767
15769
15770
12650
12658
12659
12381
15479
15928
15930
15672
15674
15675
15676
12391
12487
12498
12501
15501
15503
15917
15657
12572
12573
12662
15510
15521
15527
15531
15682
15814
15945
12401
12407
15191
15194
15546
15665
15668
15784
13476
13479
12588
12690
12697
12797
13579
13321
12421
12523
12530
13181
13183
12935
13486
13489
13491
13498
12532
12834
12838
12938
13050
13188
13500
13589
12711
12715
12850
12882
12890
13203
12951
13407
13408
13413
13417
12725
13139
13147
11153
11163
11305
11307
11233
11236
11492
11285
11288
10845
11395
11403
11342
11448
11294
11295
10664
10950
10695
10796
10800
10957
10958
10712
10718
13340
13347
13430
13436
13523
13526
13536
13596
13599
13538
13539
13540
13602
13619
13624
13628
13635
13636
13657
13680
13699
13718
14016
13882
13884
13720
13728
13734
14101
14104
13837
13887
13888
13889
13891
14031
13741
13745
13753
13757
13787
13965
14109
14178
14183
14190
13905
13913
13764
14037
14038
14044
14143
13922
13926
14126
14152
13295
13302
14069
14073
14077
13988
13994
13995
13556
13560
13562
13305
13931
13940
14158
14165
14172
14176
13373
14084
14093
13819
13873
13881
14002
14012
13475
13953
14094
11040
11189
11193
11194
10762
10820
10823
11088
11410
11413
11200
11486
10916
11101
11212
11423
11242
11354
10829
11109
11114
11115
11131
11433
11214
11358
11464
11467
11469
11470
11476
10938
11138
11139
11143
11144
11147
11167
11332
11336
11368
11371
11175
11177
11384
17337
17339
17415
17557
17561
17688
17478
17609
17610
17613
17075
17351
17357
17421
17738
17496
16923
16940
16994
17001
17167
16943
16945
16947
16949
17009
17111
16961
16966
16970
17025
16112
16197
16275
16363
16365
16739
16286
16290
16294
16296
16378
16553
16561
16565
16626
16627
16389
16393
16794
16745
16748
16860
16411
16419
16555
16695
16698
16653
16755
16446
16450
16452
16577
16580
16883
16884
16890
16892
16463
16466
16485
16897
16492
16815
16823
16592
16601
16669
16509
16511
16526
16605
16723
16832
16911
16528
16536
16542
16840
16621
16877
17230
17231
17651
17709
17622
17766
17236
17237
17246
17250
17375
17382
17538
17712
17428
17436
17439
17580
17775
17510
17514
17519
17260
17263
17664
17665
17388
17396
17398
17714
17717
17722
17629
17634
17639
17644
17745
17750
17284
17449
17460
17591
17751
16913
16914
17322
17603
15407
15416
15138
14248
14590
14603
15991
15999
15239
15247
14329
14330
14611
14615
14616
14617
14620
14622
14629
14649
14651
14654
14655
14663
14687
14700
14709
14735
14738
14763
15010
14755
14879
15012
15022
14774
14777
14898
15028
14780
14788
14797
15038
14802
14813
14493
14237
14818
14822
14936
14937
14400
14276
14357
14358
14411
14500
14510
14830
14955
14962
15084
15089
14209
17123
14837
14838
14847
14966
14975
14475
16979
16985
16988
17059
15070
14855
14230
14302
14304
17191
17196
14993
14385
14397
17065
17130
17134
15100
15110
15697
15888
15328
15336
15337
15422
15964
16042
16043
16045
16049
15755
15757
15761
15431
15161
15250
15716
15894
15255
15346
15347
15351
15356
15358
14435
14524
15977
15125
15126
15127
15220
14545
14561
14563
14565
15852
15858
15231
15311
15275
15361
14575
14577
14579
15861
15862
15729
18649
18373
18376
18514
18688
18695
17906
17907
17983
20705
20711
18656
18657
17778
17782
17789
20571
20575
20576
20720
20733
20742
20745
20752
20754
20759
20769
20793
20801
20822
20827
20836
20838
20883
21144
20865
20868
20509
20514
20578
20585
21156
21162
21166
20896
20952
20649
20651
20421
21020
21022
21093
21095
21255
20965
20426
20526
21175
21185
20966
21107
20600
21028
21040
20974
20435
20437
20925
20980
21122
20547
21053
21057
21058
21202
21274
21275
20982
20987
20988
20610
20612
20613
20946
21072
21238
21246
21247
20626
20633
21079
21085
21216
21220
20410
20671
20684
20452
20460
18463
18467
18613
18395
18402
18403
18541
17883
17961
17919
17926
18621
18543
18677
18066
18015
18020
18101
18475
18480
18487
18490
18415
18548
17888
20473
18360
18663
18428
18078
20479
20553
20558
20568
18493
18499
18565
17805
17809
17810
17812
16179
16257
18768
18778
19079
19270
16085
16088
18860
18953
19093
19119
19120
19403
19192
19195
19292
19296
19416
19308
19483
19316
19444
19449
19216
19331
19491
19222
19351
18697
18699
18700
18208
18213
18219
18224
18225
18885
18961
18969
17938
18030
18233
18250
18251
18801
18807
18886
18035
18113
17860
18254
18898
18900
18971
17866
18260
18276
18283
18288
18726
18733
18734
17957
18054
18304
18903
18129
18137
18148
18320
18322
18458
18459
18164
18168
18181
18182
18184
18346
18585
18586
18589
18590
18740
18842
18246
18199
18602
18609
18350
17855
16187
16264
16266
16269
19126
19352
19354
19359
16141
16142
16148
16349
19031
19243
16058
16099
18754
19040
19048
19056
19363
19371
19138
16150
16236
16237
18934
19142
19253
16240
16325
16330
18943
18944
18947
18994
19060
19070
19074
19147
19152
22432
21353
21653
21662
22065
22312
21434
21445
21666
21686
21953
22076
21817
21826
21965
22091
21837
21970
22106
22107
21853
21857
21983
21990
21991
22115
22118
22122
21866
21871
21996
21999
22008
22010
22137
22140
22013
22016
22165
22166
22170
24140
24212
24214
24216
24224
21892
22024
21469
23971
23979
24074
24082
21901
21305
21308
21311
21413
24152
21912
22031
22032
22040
22043
21420
21487
21488
24237
24239
21922
21557
21320
21323
24262
24263
24264
21933
21282
21378
21502
21388
21457
21574
24269
24272
24282
21330
23951
23953
23958
24348
21462
24128
24292
24295
23049
22481
21581
21589
21592
21593
21362
21690
21693
21696
21703
21705
23056
22818
22819
21364
21374
21448
21451
21718
22938
22408
22419
22421
21515
21603
21742
21764
22200
22203
22503
22236
21619
21766
21773
21800
22289
22383
22386
22389
22424
21623
21626
20050
20057
20060
20174
20180
20119
20393
20159
19927
19929
19941
20288
20237
20166
19500
19508
19511
19597
19683
19686
19691
19697
19797
19798
19811
19529
19533
19607
19619
19705
19706
19819
19823
19543
19718
19729
19731
19548
19549
19627
19634
19733
19833
22259
22264
22266
22348
22350
22359
22508
22513
22515
22987
22770
22274
22283
22667
22707
22992
23000
22376
22714
22716
22717
22944
22948
22684
23001
22774
22526
22527
22532
22539
22543
22545
22693
23005
23007
22557
22951
22955
22725
22727
22904
22580
22581
22586
22732
22799
22916
22917
22918
22973
22743
22752
23041
22618
22624
22636
22976
22979
22810
22644
22648
22656
22658
19585
19755
19763
19950
19975
20079
20186
20190
20126
20127
19847
19978
20309
20089
20094
20244
20001
20320
19681
19788
20062
20325
20328
20330
20105
20106
20363
20368
20139
20214
20340
20263
20389
19885
25696
26230
26231
26435
26441
26443
25849
25855
25860
26121
26165
26277
26401
26406
26170
26283
26456
26462
26190
26309
26311
25602
25700
25780
25865
25869
25871
25622
25634
25790
25794
25809
25888
25653
25725
25256
25105
25251
25345
25891
25898
25902
25118
25120
25493
25663
25665
25133
25143
25261
25367
25370
24858
25171
25173
25180
25504
25507
25510
25511
25515
25282
25285
25189
25400
25403
25016
25076
25081
25085
25095
25213
25517
25520
24875
25225
25317
25318
24964
25024
25097
25233
25235
25245
25304
23202
23205
23290
25925
25934
26086
26387
23295
23304
23380
23130
25943
25949
25951
26063
26205
23145
25678
25956
25966
25973
26331
26334
26337
26339
26346
26088
25760
25984
25995
26096
26214
26268
26270
26271
25843
25904
26006
26014
26019
26356
26362
26103
26108
26109
24692
24612
24092
24163
24173
24126
23150
24459
24466
24739
24742
24747
23933
24018
23221
23224
23308
23389
23391
23156
23238
23395
23412
23423
23452
23489
23498
23503
23514
23520
23521
23531
23541
23550
23558
23560
23568
23575
23613
23786
23070
23079
23586
23696
23697
23738
23162
23170
23171
23243
23792
23795
23855
23663
23332
23085
23096
23707
23754
23182
23815
23636
23677
23678
23756
23264
23354
23647
23825
23860
23868
23871
23269
23271
23273
23827
23829
23681
23763
23107
23109
23716
23719
23836
23888
23682
23690
23363
23364
23116
23117
23838
24374
24575
24580
24529
24180
24181
24415
24657
24468
24543
24187
23942
24389
24591
24593
24594
24641
24032
24102
24110
24114
24424
24425
24432
24483
24600
24603
24767
23900
23902
23904
24190
24571
24769
24782
23989
23990
23993
24088
24048
24056
24118
24119
24447
26968
27080
27208
27039
27121
27248
27069
27074
26494
26498
26501
27086
26996
27079
26611
26617
26698
26774
26776
26778
26780
26713
26715
26781
26523
28750
28753
28824
28890
28941
28759
28768
28829
28835
28895
28954
28973
28982
29375
29137
28999
29001
29003
29010
29011
29012
29087
29092
29183
29321
29138
29263
29019
29025
29330
29100
29104
29350
29030
29199
29203
29205
29210
29332
29334
29146
29153
29276
29282
29036
29111
29382
29388
29162
29163
29049
29054
29073
29219
28774
28776
28782
28845
28847
29075
29307
29309
29055
29124
29286
29293
29359
29360
29056
29233
29340
29349
29180
29318
29365
29366
26890
26904
27000
27002
27003
26578
26582
26585
26668
26671
26676
26912
26914
26916
26924
27181
27015
27235
27236
27239
26745
26746
26747
26749
26753
26754
26484
26945
26947
27102
27105
27190
27051
27057
26602
26603
26681
26682
26958
26959
26960
27196
27029
27153
27230
27063
26991
27167
27201
27205
27160
25338
27322
27327
27331
27332
27384
27581
24830
24835
27387
27388
27440
27599
27619
27604
27606
27729
27850
27851
27744
27745
27866
27645
27649
27756
27886
27655
27657
27760
27766
27888
27894
27662
27909
27789
27790
27940
27689
27694
27797
27273
27355
27356
27359
26727
26797
26812
26550
27912
27918
27919
27400
26644
26647
26655
27710
27806
27281
26818
27365
27367
26821
26833
26836
26839
27826
27471
27292
27294
27935
27253
27334
27372
26854
27338
27426
26872
26876
27450
27453
27456
24887
24977
27484
27490
27500
27502
25322
25323
25037
25038
25061
25068
25070
25071
27523
27527
27528
25578
24811
24898
24900
24902
24981
24852
27530
27542
27543
27547
27551
25441
24986
24992
27315
27378
24817
24825
24910
24914
25458
30322
29456
29460
29668
29682
30153
30154
30160
30228
29462
29509
29511
29683
29688
29690
29692
29699
29744
29755
29713
29736
29737
29771
29772
29777
29780
29798
29801
29806
29811
29840
29844
30032
29817
29946
30041
30051
29845
30053
29860
29426
29487
29966
29967
30008
30009
30010
30112
29556
30075
29863
30016
29620
29625
29968
30084
30127
30137
29430
29435
29500
29558
29877
29392
29393
29629
29474
29477
31964
31966
31969
30095
29889
29891
29893
29539
29603
29611
29636
29439
29442
29445
29447
29449
29992
30114
30116
29413
29418
32023
31820
30123
30124
30126
29903
29907
29909
29545
29551
31811
31902
30669
30294
30295
29574
29578
29579
29639
29641
29644
30592
30595
30870
30887
30631
30637
30638
30176
29649
30640
30716
30833
30238
30239
30246
30302
29589
29592
30599
30691
30838
30846
30312
30375
30387
29660
30695
30860
30868
30606
30143
30216
30282
30185
30187
30256
28031
28032
28038
28259
28263
28265
28267
28275
28278
28452
28089
28092
28289
28558
28666
28460
28461
28462
28466
28471
28565
28573
28689
28475
28575
28680
28493
28600
28701
28497
27964
27979
28057
28110
28122
28190
27996
28000
28001
30541
30551
28132
28134
30342
30558
28195
28005
30408
30410
30412
30414
30542
30547
30548
30650
28082
28137
30432
30437
30754
30757
28140
28206
28207
30457
30564
28017
28019
28026
30192
30460
30470
30475
30666
30668
30782
30199
30268
30485
30488
30779
30336
30394
30395
30507
30790
30580
30582
28724
28218
28304
28310
28311
28313
28315
28423
28517
28522
28855
28859
28860
28866
28321
28323
28623
28634
28424
28425
28730
28099
28101
28341
28343
28346
28355
28428
28527
28530
28533
28637
28805
28869
28223
28232
28376
28378
28382
28402
28646
28933
28934
28936
28238
28239
28250
28257
28410
28601
28609
28541
28743
28811
28814
42031
42038
41446
41447
42327
43137
43147
43151
42492
31106
41945
42502
42851
43171
42875
42885
42898
42904
43225
43243
42591
42929
43258
43283
42649
43426
42696
43003
43017
43037
43320
43323
42715
42728
42733
43038
43083
43447
43461
43467
32804
43116
41803
41812
41830
41981
40019
40033
43414
41288
41289
41402
41409
40068
40120
41493
41518
41520
41841
40124
40133
40161
40191
32629
32640
40241
40253
40269
41332
41523
32707
32709
32714
32775
40388
40463
41550
41733
41768
32781
32568
32571
40304
40305
40310
41359
41385
32648
32715
32718
41000
40405
40435
41393
41581
32727
32730
32731
32789
32792
40375
30906
30991
31068
30945
30946
42054
42058
42060
42067
42454
42468
43118
43126
31073
31139
31141
31111
31113
31118
42075
42130
42404
42790
30909
30911
30912
31011
31185
30951
42174
42184
42809
31016
31161
41439
41627
42188
42199
42231
42820
31019
41902
42013
42021
42244
42251
42268
42275
42300
32203
32318
32425
32467
32375
32376
31983
32154
32156
32157
32177
32443
32445
31774
31851
31852
31877
31879
32005
32007
32012
31784
31789
31794
31886
31890
31951
31954
31956
30964
31038
31045
31049
31120
31129
31130
31131
31195
30985
31203
31216
31217
31226
31570
31572
31573
31693
31697
31244
31245
31246
31257
31259
31649
31660
31704
31580
31261
31262
31271
31275
31407
31408
31524
31527
31665
31670
31672
31419
31489
31594
31307
31312
31430
31547
31551
31608
31716
31325
31332
31676
31729
31735
31340
31381
31560
31496
31619
31394
31690
30900
31641
31365
31369
31371
31511
31916
31975
32183
32404
32412
32283
32173
32436
32478
32046
32050
32052
32063
32419
32190
32353
32439
32396
32074
32081
32308
31748
32422
32424
32197
32198
31758
31832
31842
31918
31923
32124
32128
44527
44530
44557
44870
44876
44884
45083
45723
45727
45169
45413
44600
44625
44632
44638
45231
45233
45509
45524
45321
45326
45329
45331
45339
45344
45346
45425
45431
45783
43481
43501
43990
44228
44232
44248
43551
43759
43779
43798
44035
44052
44266
43565
43820
44061
44064
44065
44083
43599
43601
43621
43624
43875
50837
51465
51793
51798
43893
43909
43911
44139
50899
51195
51485
44337
43630
43634
43637
50969
51493
51821
50985
50991
51505
51515
50415
50417
50581
50618
51545
50739
50750
50751
50261
50273
50300
51145
51724
51577
51582
50303
50429
51733
51086
51245
51256
51257
50629
50761
50770
51783
51998
51291
51297
51299
51321
50782
50804
50817
50824
51786
51790
51165
51174
51871
51275
44149
44153
44158
44166
44188
44375
44721
45536
44929
44955
44969
45671
45684
45124
44735
44748
45349
45380
45391
44773
44799
45580
44979
45297
45300
45761
45767
45775
45141
45145
45146
45157
44209
44817
45308
45309
45589
45599
45612
45395
45689
44486
44508
45434
45437
45029
45032
45040
45050
40851
41121
41130
41144
41150
40967
41266
41282
41284
40701
32679
46504
46019
46028
40580
40595
40875
40878
32488
32681
32749
46197
46208
46397
46534
46553
46560
46576
46588
46603
46619
46664
46668
46692
46694
46695
46764
46776
46781
46817
46853
46857
46889
46936
46938
47620
47632
46904
47271
47277
47670
47677
47683
46953
46968
47309
47687
47698
47699
47709
45843
45851
46066
46994
47000
47013
47319
47324
47326
47357
47362
47514
47520
47790
46081
46254
47363
47721
47724
47027
47223
47234
47235
47543
46424
47071
47393
47739
47901
46089
46109
47242
47243
47266
46265
46455
46462
47419
47424
47428
47429
47821
47836
46127
46129
46148
46315
43668
47127
47129
47136
47146
45835
45838
46038
45928
45930
45933
45942
45959
46121
47450
47453
47852
47858
46228
46398
46412
47884
47477
47483
40734
41004
41014
41022
41192
40599
40610
32577
32583
32525
32623
40483
40767
40904
41219
32738
32692
32693
32698
32703
32704
32759
32762
40775
40780
41035
41252
40632
32497
32503
32592
32765
40787
40811
40922
41216
41217
32671
32675
45985
45996
40819
40822
41107
40694
32506
46195
46355
46489
40576
55333
56112
56115
56120
54381
54564
54587
54602
54808
55793
55801
54755
54757
54762
54204
54470
54471
54662
52214
52229
52234
52238
52412
52441
52590
52593
52605
52777
52460
52622
52800
52827
52831
52897
52910
52972
52974
52978
53013
53015
53019
53081
53084
53086
54105
53090
53663
53664
53676
53931
53939
53964
53536
53543
53832
53152
53173
53181
53192
53205
53979
53377
53391
53392
53404
54174
53548
53556
53577
53578
53294
53297
53695
53714
52038
52269
52271
52288
53842
53273
53279
53432
53724
52296
52490
52505
52624
53280
53285
53594
53596
53609
53862
52530
53873
53314
53321
53342
53462
52064
52076
52077
53619
53633
53636
53642
54133
53479
52109
52130
52323
52344
53492
53787
54077
52298
55188
55193
55246
55247
55263
56046
56060
55543
55544
55549
55563
54219
54386
54405
54408
54604
55198
55204
54764
54782
55611
55400
55703
55719
55722
55880
55287
55992
56009
55423
55887
55904
56076
56097
54620
54631
54639
54797
54805
55624
55639
55642
55944
55966
55971
55972
55441
55473
54182
54187
54188
54190
50336
50532
48736
48752
49095
49176
49191
49750
50651
50113
50136
49836
49841
49844
49853
48826
48835
49785
49139
49510
49513
49527
49835
49545
49858
49868
49873
49247
49249
49268
49274
49562
49578
49922
49580
49592
49599
49930
49970
49327
49328
49619
49623
50004
49353
50043
50055
49395
49407
50039
49453
49456
54345
54534
54535
48379
48388
54716
54723
54832
54857
54861
54872
49496
49499
48632
54891
54894
47918
48118
48125
48143
48398
48409
48414
54915
54928
54930
54945
48314
48647
48657
54961
54964
54966
54969
48524
47930
47937
47950
47953
54301
54305
54311
55074
55083
55111
48153
54508
54675
55013
55015
55030
55044
55071
48527
48530
54689
54822
54825
54829
54325
54331
55147
47965
48181
48217
51912
51914
50480
48038
48267
48281
48885
51635
50490
50142
48293
48425
48439
48444
48453
48928
52010
50178
48687
48065
48075
48946
48950
51384
51675
48100
48115
48297
49022
51708
51948
51957
51964
51966
50197
50201
50204
50231
48711
49068
50099
50321
57770
58051
58077
56227
56449
63329
63567
58286
58296
58305
57780
57805
56718
56724
56947
62824
62829
62833
62835
63017
63598
63601
63616
63621
63646
63652
63660
63679
63683
63692
63733
64400
64119
64420
64432
63833
63875
64150
64160
64519
63892
63896
64182
64185
64530
64572
63934
63935
64197
64581
63305
63320
64619
63941
63948
64238
64370
62764
62975
64260
64663
64673
64739
62681
60508
63968
63987
63992
64282
64283
62858
62861
63053
60773
64759
64014
63236
60984
61179
61182
64025
64026
64027
62698
62909
62914
62917
61198
61213
64695
64700
64041
63073
63249
63252
63282
63290
60574
60580
64067
64337
64785
64796
62707
62722
61236
61295
61296
61316
62933
60991
61186
57983
58229
58237
56356
56369
56950
56963
57708
57735
58004
56589
56476
56478
56492
56746
56752
63405
63407
63415
58274
57740
56864
56867
56200
56201
57001
63444
63461
57741
57755
56210
56427
56628
56290
62801
62802
63519
58247
57763
56651
56652
56661
62983
63152
58810
58939
58947
58955
58957
58460
58472
59246
59260
59270
59278
59485
59858
60181
58480
58660
59314
59766
59785
59999
60010
60020
59877
59883
60104
59642
59677
59903
60168
60169
60174
58329
58508
58510
58519
58843
58854
58855
58371
58551
58736
58865
58391
58422
58570
58581
58588
58773
58433
57818
57836
58599
58616
58128
58130
57568
56304
56307
57199
57215
57889
57901
56527
56798
57256
57264
57271
57299
58144
58155
57581
57585
57032
57051
56322
57314
57330
57916
57934
56334
56552
57377
57935
58169
57073
57436
57443
57445
57506
58167
57074
57081
57093
57100
58214
57102
57125
57138
57139
52696
52697
58817
58825
58826
58993
58995
59415
59437
59505
52710
52139
59039
59043
59056
59382
60037
60038
60057
60059
52556
52566
52574
59076
59101
59102
59113
59712
59716
59513
52732
52736
52740
59148
59156
59448
59452
59839
60063
60083
52193
58451
58631
59210
59222
59977
59549
58634
58646
58794
58799
67061
67227
65675
65682
65692
65710
65981
66046
66115
66412
65030
66756
66761
66765
66766
66768
66162
66190
66061
66069
66720
66143
66151
66749
66492
66496
66780
66206
66508
66526
66534
66831
66841
66228
66807
66823
66259
66283
66595
66597
66598
66850
66880
66891
65086
65091
65097
65326
65328
65342
72207
72231
65354
65522
64884
64999
65004
71283
72290
72297
72300
72308
65140
71322
71501
72323
72327
72331
72350
72351
65360
65375
65538
71812
71998
72355
72439
72447
65556
64908
64916
64935
65164
72000
71327
71336
73124
65382
71576
71825
71831
72483
72487
72522
72813
72827
72844
65562
72047
72436
72764
64992
65217
65219
72091
72143
73190
72532
65404
65411
72189
73143
73155
73169
66957
66983
65049
65240
65253
65737
65750
65760
66011
66015
66016
66043
66310
67387
67397
65594
65609
65787
65793
65815
65824
66326
66338
66682
67576
67579
67583
67041
65052
65056
65080
65843
65848
65854
65871
66086
66090
66093
67175
67183
67199
67408
65465
65906
65920
66395
65650
65665
65666
65949
65950
65956
61735
61738
62389
62393
62402
61667
62345
60343
60355
61683
62135
62150
61912
61920
62639
62641
60894
60907
61111
61121
60922
60947
60954
61155
61156
60449
67241
67258
67272
67281
67473
67633
67651
67652
67657
67716
67717
67718
67719
67283
67284
67301
67344
67504
67747
67771
67787
67858
67910
67920
68350
68631
68635
67945
67967
68001
68813
68816
68911
68353
68028
68059
68089
68842
68663
68673
68676
68094
68099
68130
68131
68502
68863
68956
68140
68709
68732
68116
68870
68526
68699
68123
68534
68543
68544
68878
68882
68884
67101
67104
67117
67134
67347
68744
68152
68162
68255
68275
68926
66894
66929
68172
68605
68944
68946
67536
67538
68789
68201
61344
61348
61354
61413
62157
62415
62423
62431
61742
62231
62551
62114
60595
61455
61465
61472
61473
61496
61749
61787
62183
61940
60600
60614
60641
61502
61516
61546
62457
62466
62271
62603
62606
62613
62626
61041
61051
61054
61056
61068
60303
61591
61597
62479
62487
62007
62296
60309
60316
60337
60666
60672
60843
60846
61620
61640
61642
61652
62495
62316
62323
62576
62600
62028
62032
60849
60868
60878
61083
76637
76675
77188
77511
77310
77341
77690
77694
75782
76683
76880
77195
77707
77007
77019
77363
75793
75994
76178
76191
76404
76406
76418
75815
75824
76200
76203
76421
76425
76430
76439
75844
75856
76034
76237
76249
76253
76446
76473
75883
75886
76090
76109
76114
76265
76267
76287
73888
73902
73905
74438
75315
75581
75591
75001
75034
75326
75347
73953
74860
74504
74935
74955
75396
75502
74907
75663
75077
74556
74575
74578
74618
74624
75438
75451
75664
74634
75249
75401
75428
74686
75285
75155
75188
75454
74740
74982
74998
75733
75101
75114
75117
75127
76333
76727
76736
76751
77644
77661
76372
76476
76477
76801
76812
76820
77471
76917
77227
77237
77265
77034
77053
77118
77128
77586
76925
77434
77734
77746
76586
77136
77480
77279
77608
77099
77442
76612
76618
76633
77488
76841
76843
77617
76955
76968
76988
73440
71189
71369
71375
71260
71262
69766
73471
72670
72671
72997
71603
71612
71871
71735
71743
71760
71774
69843
69851
69878
69887
69904
69917
69934
69948
69967
70004
70092
70125
70133
70180
70184
70188
70222
70251
70838
70206
70217
70220
70521
70874
70261
70576
70916
70919
70974
69259
69264
69271
69411
70337
70340
70654
70814
71127
71143
71145
69433
69604
69654
71011
71017
68998
69006
69272
69281
70714
71025
69225
69448
71039
71052
69359
69546
69563
69679
69685
69141
69146
69158
70445
70740
69033
69243
71119
70458
70463
70753
70754
69250
69251
69388
69399
75898
75906
75929
76126
70755
70764
71083
69587
69591
69596
69056
71091
70491
70784
70785
72886
72893
73020
71194
71200
71381
69170
69172
69323
72545
72675
73058
71405
71638
71645
71883
69498
69690
72914
72930
72931
73061
73473
73488
73499
72714
72725
71889
71220
71225
69709
69194
69215
72739
73068
73074
73081
73087
73090
71464
69528
72943
72956
72960
73310
73397
73409
73417
71164
71175
71943
71946
71955
71957
71962
71963
71974
69531
69758
69761
73339
73340
72978
79619
79626
79645
79651
79450
79481
78473
77828
77922
84495
84726
79987
79991
79996
80121
78290
84745
84764
84969
84972
84979
84818
85033
85272
85278
85293
85310
85327
85444
85504
85508
85562
85594
85639
85688
85698
85699
86317
86622
86359
85655
85658
84399
84572
84595
85685
86018
86036
86371
86379
86561
86580
84822
84837
84842
84845
85039
85042
85044
86392
86199
86220
86233
84421
84424
86662
84606
84610
84630
85748
85753
85755
85776
85932
86251
84909
84912
86122
86498
86611
84886
85085
85802
86143
86683
86684
85141
85144
84473
84474
86148
86155
86530
86531
86547
86550
85976
85980
84638
84647
79553
79336
79337
79348
79664
79667
79690
79511
79532
79551
77764
78301
78307
78308
78506
79222
79229
79240
79242
80015
80030
77787
78005
77875
78086
79372
79709
80097
78222
78230
78231
78419
78424
79923
79285
80111
79396
79404
79418
77804
78531
78551
79602
79605
79617
79976
79762
78029
74353
74354
73578
80497
80499
80506
80696
80711
80722
80860
81107
81146
81154
81550
81558
81560
81825
81844
73608
73819
73833
74046
80878
81194
81195
81564
81579
81583
81857
81398
81608
81614
81866
81408
81410
81425
81636
82003
82035
81703
81926
81958
81464
81491
81715
82051
81515
81770
81974
81997
82000
80158
80171
80174
80342
80482
78783
78801
78824
78839
80560
78145
78879
78882
78895
78904
80210
78149
78152
78155
78346
78368
78966
80369
80599
80603
80606
78568
79008
80825
78173
78181
78195
78388
79089
79094
79146
79177
79858
80423
80428
78411
78647
78678
80641
80843
80849
78685
78691
78697
78704
79862
79877
79100
79117
75470
74376
74404
80534
80538
80757
81237
75200
73509
73512
73612
73639
73673
73854
80927
81783
73536
73740
73755
73767
74147
74409
80966
80982
80989
81004
81006
81270
74332
74433
73682
73693
81007
81012
73540
73546
73559
80286
80490
81057
81069
81085
81087
81096
81317
81322
81328
81330
81335
73790
74010
74013
89103
89329
89870
89193
89205
89215
87640
87985
88006
88008
89565
89445
89712
87728
87789
88016
88064
88755
88764
88765
88774
88081
88805
88146
88152
88494
88508
88824
88832
88202
88214
88217
88224
88236
88560
88571
88584
88588
88280
88971
88978
88986
86831
88304
88655
86732
86737
86744
86745
93806
93831
94016
88660
88331
86969
86976
94024
94196
94202
94206
94213
87203
87459
87470
93840
88361
86764
86791
93844
88695
88722
87245
87247
87253
87474
87484
94356
94361
89100
88424
88429
88433
87500
87514
87522
94254
94255
86921
86927
87053
87055
94447
94481
87144
87157
87186
86821
94293
94297
94306
94307
90854
89132
89734
86866
87809
87817
87821
87825
91121
90540
90559
87275
87879
87896
90861
90873
87595
87602
86879
87926
87948
87957
90605
89161
89180
89404
89419
87963
87976
87980
89654
89672
89689
89691
87310
87325
87336
87348
87352
87605
87621
82939
83358
83361
83382
83422
83438
83557
84223
83663
83678
83061
83065
83992
83393
83823
84153
83944
83695
83699
83700
82249
82291
82478
82681
82090
82312
82322
82498
82754
82769
82770
82104
82111
82127
82354
82363
82544
82773
82794
82799
82806
82574
82579
82810
82828
82836
82154
82169
89252
91002
90403
90416
90425
90165
90708
90720
91018
89294
90258
90261
90269
90289
90296
90430
90441
90449
89544
90317
90369
90739
91038
91067
91074
89765
89768
89778
89782
89950
89953
90929
90937
90341
90354
90466
90474
90764
90768
89973
90363
90798
90807
90814
90008
90021
90391
90396
90789
91079
90036
90040
90051
90078
90987
91199
91200
90111
84686
84711
83079
83100
83120
83593
83594
83596
83599
83854
82202
82208
82418
82419
84021
84022
83469
83496
83498
84213
83190
83203
83206
84042
84061
83608
83609
83887
83892
82851
82864
82209
83244
83255
83278
83284
83777
83913
84303
84306
83641
82231
82238
82439
83324
83326
83332
83347
83349
83794
83801
83802
82638
82643
82646
82656
82919
97813
97984
98665
99256
99527
99645
98249
98252
98448
98452
98453
98686
99538
99556
98969
99081
99088
99091
99768
99384
99403
99408
99685
99691
99712
99122
99141
99164
99166
99439
99797
99810
99461
99715
99721
99726
99747
97646
97652
97850
97864
98083
98089
98103
98342
97902
96688
96701
95759
95771
95776
96741
97736
95988
95995
96199
96779
96791
97346
97351
97380
97923
97942
98188
96377
96381
96386
96388
96389
96399
96760
96772
98198
98383
97768
97769
96435
96446
96453
97405
97421
96803
96537
96553
96864
96869
97102
97121
98220
95735
95747
96579
96592
96610
96833
96838
97044
97046
95754
96633
96638
96651
96666
96174
96176
96344
96350
96365
96669
96676
96677
97429
97437
91551
91712
91738
91872
97842
98028
98038
98744
98768
98805
91910
91348
98273
98831
98899
98905
98919
91758
91762
91763
91764
98514
98518
98525
99469
99319
99564
99572
91768
91773
91919
91926
98554
98573
98864
99208
99054
99339
91398
91399
97795
97799
98597
98620
99499
99510
94962
95251
94821
94824
95036
95045
95052
95427
93653
93596
93601
95280
94719
94733
94734
95465
95470
93662
93663
93742
93996
94008
94009
94012
91458
91588
91596
91783
91796
91948
91462
91469
91842
92055
92063
92170
92233
92239
92284
92291
92331
92353
93348
92865
93193
93196
93219
93475
92393
92415
93039
93056
93058
93362
93505
93506
92449
92704
91245
91289
91475
91477
92571
92578
93390
93394
91652
91670
92528
92933
92757
93119
92969
93265
93279
93280
92585
93123
93135
93139
92793
92796
91859
92606
92610
92982
93018
92799
92800
92801
93187
91313
91315
93320
93324
93325
92625
92644
93411
93422
92843
91336
95310
94838
95076
95084
94064
94592
94594
94762
95384
95403
94847
94869
93564
94636
94669
94993
94997
95118
95512
93900
93924
94125
95372
95011
95515
94897
94903
94906
94908
94916
93578
94609
94618
94921
94933
95129
95136
95155
95157
93721
93976
93982
97301
96071
96240
96254
99817
99822
99823
99862
97314
95632
95634
99865
99872
99899
97484
97497
97503
97603
97015
96094
96098
96104
99965
95542
95555
97212
97539
95810
96004
96006
96015
96023
96115
97543
96937
97217
96025
96225
96238
95582
96140
97237
97243
97263
97585
95603
95841
95843
95705
95725
96962